1.745329251994329478e-01 8.376634802705746097e+01
3.005844822879122913e-01 9.583647827913478068e+01
4.266360393763916070e-01 1.032947458936346550e+02
5.526875964648709783e-01 1.089686847028877708e+02
6.787391535533503495e-01 1.097328853215332316e+02
8.047907106418298318e-01 1.095765292395200134e+02
9.308422677303092030e-01 1.071431802342275290e+02
1.056893824818788463e+00 1.030051771516702104e+02
1.182945381907267723e+00 9.746328677469810486e+01
1.308996938995747206e+00 -2.382024267164339193e+01
