1.745329251994329478e-01 9.491656884291400331e+01
3.005844822879122913e-01 9.818053561575774779e+01
4.266360393763916070e-01 9.993624079920212466e+01
5.526875964648709783e-01 1.008648538213675181e+02
6.787391535533503495e-01 1.009783795221934355e+02
8.047907106418298318e-01 1.004836335793382744e+02
9.308422677303092030e-01 9.904974988236638467e+01
1.056893824818788463e+00 9.676227464968340541e+01
1.182945381907267723e+00 9.369179117625293429e+01
1.308996938995747206e+00 4.496575763900511902e+01
