0.000000000000000000e+00 -1.640969491175977168e+01
1.000000000000000000e+01 -2.004474426383296048e+01
1.000000000000000000e+02 -2.004382322433671959e+01
1.050000000000000000e+02 -2.207874749369938172e+01
1.100000000000000000e+02 -2.951164251093884161e+01
1.150000000000000000e+02 -1.887379282475982833e+01
1.200000000000000000e+02 -1.633345112647912956e+01
1.250000000000000000e+02 -1.946239799540228077e+01
1.300000000000000000e+02 -2.014196490704393128e+01
1.350000000000000000e+02 -2.197946502783995015e+01
1.400000000000000000e+02 -2.923839757414987162e+01
1.450000000000000000e+02 -1.855635255473990952e+01
1.500000000000000000e+01 -2.208276853408354157e+01
1.500000000000000000e+02 -1.617351063149412838e+01
1.550000000000000000e+02 -1.930862912819751998e+01
1.600000000000000000e+02 -2.005946006837778839e+01
1.650000000000000000e+02 -2.205598172012194880e+01
1.700000000000000000e+02 -2.924554667680888898e+01
1.750000000000000000e+02 -1.869521053832151836e+01
1.800000000000000000e+02 -1.637777421990132964e+01
1.850000000000000000e+02 -1.933107598823831097e+01
1.900000000000000000e+02 -2.004651220642064047e+01
1.950000000000000000e+02 -2.208368883090000878e+01
2.000000000000000000e+01 -2.951090369874538055e+01
2.000000000000000000e+02 -2.952827053822095138e+01
2.050000000000000000e+02 -1.887865944495514015e+01
2.100000000000000000e+02 -1.632624834356927934e+01
2.150000000000000000e+02 -1.944599525230416859e+01
2.200000000000000000e+02 -2.013299073431263153e+01
2.250000000000000000e+02 -2.198109972134914969e+01
2.300000000000000000e+02 -2.924852198233621081e+01
2.350000000000000000e+02 -1.857739684547969006e+01
2.400000000000000000e+02 -1.617387829897863938e+01
2.450000000000000000e+02 -1.931099223742107895e+01
2.500000000000000000e+01 -1.887965318320993902e+01
2.500000000000000000e+02 -2.004432280445412928e+01
2.550000000000000000e+02 -2.211802892231970930e+01
2.600000000000000000e+02 -2.921880887159608164e+01
2.650000000000000000e+02 -1.872225285444638843e+01
2.700000000000000000e+02 -1.637544294272655065e+01
2.750000000000000000e+02 -1.932918262805382170e+01
2.800000000000000000e+02 -2.004628889167123162e+01
2.850000000000000000e+02 -2.209020065017019974e+01
2.900000000000000000e+02 -2.952921608927790942e+01
2.950000000000000000e+02 -1.884884271538268052e+01
3.000000000000000000e+01 -1.634029275093173084e+01
3.000000000000000000e+02 -1.632434188409434839e+01
3.050000000000000000e+02 -1.944718556087990891e+01
3.100000000000000000e+02 -2.011580739696904985e+01
3.150000000000000000e+02 -2.196001713983018178e+01
3.200000000000000000e+02 -2.922239782228502847e+01
3.250000000000000000e+02 -1.856542506403580006e+01
3.300000000000000000e+02 -1.617326775503678959e+01
3.350000000000000000e+02 -1.930825654809698833e+01
3.400000000000000000e+02 -2.005519484419889054e+01
3.450000000000000000e+02 -2.211500997066998053e+01
3.500000000000000000e+01 -1.946121790460431100e+01
3.500000000000000000e+02 -2.923216837385168176e+01
3.550000000000000000e+02 -1.870574932086838871e+01
3.600000000000000000e+02 -1.636313209317669859e+01
4.000000000000000000e+01 -2.011651121310298151e+01
4.500000000000000000e+01 -2.201607284479717919e+01
5.000000000000000000e+00 -1.935069606457038915e+01
5.000000000000000000e+01 -2.923501480595288982e+01
5.500000000000000000e+01 -1.858040286487065984e+01
6.000000000000000000e+01 -1.617320662255812991e+01
6.500000000000000000e+01 -1.933662034355915083e+01
7.000000000000000000e+01 -2.007169314626096934e+01
7.500000000000000000e+01 -2.206894632146601865e+01
8.000000000000000000e+01 -2.921773928410186016e+01
8.500000000000000000e+01 -1.869453169392318870e+01
9.000000000000000000e+01 -1.641758464190705169e+01
9.500000000000000000e+01 -1.935812686533181903e+01
