1.745329251994329478e-01 8.370863480899856768e+01
3.005844822879122913e-01 8.093094281405691959e+01
4.266360393763916070e-01 7.792130656894059371e+01
5.526875964648709783e-01 7.562645369694237729e+01
6.787391535533503495e-01 7.434229148018592070e+01
8.047907106418298318e-01 7.407265600704873520e+01
9.308422677303092030e-01 7.472317439291677488e+01
1.056893824818788463e+00 7.635181330747177242e+01
1.182945381907267723e+00 7.896155865049597367e+01
1.308996938995747206e+00 8.256084967276227360e+01
