0.00000000e+000	-2.86321527e+003	
2.94245504e-001	-2.66411244e+003	
5.88491008e-001	-2.57287710e+003	
8.82736511e-001	-2.65150927e+003	
1.17698202e+000	-2.73507695e+003	
1.47122752e+000	-2.68376119e+003	
1.76547302e+000	-2.60645682e+003	
2.05971853e+000	-2.57850544e+003	
2.35396403e+000	-2.56641278e+003	
2.64820953e+000	-2.54769871e+003	
2.94245504e+000	-2.51657522e+003	
3.23670054e+000	-2.48568589e+003	
3.53094605e+000	-2.45503153e+003	
3.82519155e+000	-2.43654317e+003	
4.11943705e+000	-2.41924327e+003	
4.41368256e+000	-2.40201838e+003	
4.70792806e+000	-2.38486869e+003	
5.00217356e+000	-2.36916806e+003	
5.29641907e+000	-2.34327119e+003	
5.59066457e+000	-2.31754943e+003	
5.88491008e+000	-2.29200343e+003	
6.17915558e+000	-2.27480955e+003	
6.47340108e+000	-2.27501445e+003	
6.76764659e+000	-2.27725498e+003	
7.06189209e+000	-2.29815365e+003	
7.35613760e+000	-2.32063911e+003	
7.65038310e+000	-2.25474804e+003	
7.94462860e+000	-2.19442027e+003	
8.23887411e+000	-2.24043618e+003	
8.53311961e+000	-2.33421721e+003	
8.82736511e+000	-2.23163137e+003	
9.12161062e+000	-2.12770308e+003	
9.41585612e+000	-2.14830809e+003	
9.71010163e+000	-2.38108722e+003	
1.00043471e+001	-2.23990827e+003	
1.02985926e+001	-2.10396218e+003	
1.05928381e+001	-2.16921258e+003	
1.08870836e+001	-2.22279986e+003	
1.11813291e+001	-2.21862905e+003	
1.14755746e+001	-2.18893405e+003	
1.17698202e+001	-2.17246185e+003	
1.20640657e+001	-2.17236042e+003	
1.23583112e+001	-2.17141664e+003	
1.26525567e+001	-2.16726056e+003	
1.29468022e+001	-2.16313567e+003	
1.32410477e+001	-2.15904187e+003	
1.35352932e+001	-2.15733008e+003	
1.38295387e+001	-2.16469469e+003	
1.41237842e+001	-2.17210325e+003	
1.44180297e+001	-2.17955593e+003	
1.47122752e+001	-2.18634277e+003	
1.50065207e+001	-2.18461442e+003	
1.53007662e+001	-2.18289709e+003	
1.55950117e+001	-2.18276051e+003	
1.58892572e+001	-2.18271485e+003	
1.61835027e+001	-2.16516232e+003	
1.64777482e+001	-2.14622636e+003	
1.67719937e+001	-2.17225841e+003	
1.70662392e+001	-2.24904095e+003	
1.73604847e+001	-2.22883336e+003	
1.76547302e+001	-2.15033259e+003	
1.79489757e+001	-2.17768081e+003	
1.82432212e+001	-2.28401553e+003	
1.85374667e+001	-2.28692928e+003	
1.88317122e+001	-2.17079356e+003	
1.91259577e+001	-2.19843931e+003	
1.94202033e+001	-2.25553798e+003	
1.97144488e+001	-2.28349492e+003	
2.00086943e+001	-2.26901437e+003	
2.03029398e+001	-2.26167485e+003	
2.05971853e+001	-2.27124235e+003	
2.08914308e+001	-2.27888291e+003	
2.11856763e+001	-2.29426393e+003	
2.14799218e+001	-2.30970241e+003	
2.17741673e+001	-2.32511728e+003	
2.20684128e+001	-2.33705254e+003	
2.23626583e+001	-2.35995093e+003	
2.26569038e+001	-2.38298759e+003	
2.29511493e+001	-2.39938126e+003	
2.32453948e+001	-2.41563676e+003	
2.35396403e+001	-2.42504710e+003	
2.38338858e+001	-2.43912767e+003	
2.41281313e+001	-2.45326116e+003	
2.44223768e+001	-2.46744749e+003	
2.47166223e+001	-2.48574217e+003	
2.50108678e+001	-2.51366451e+003	
2.53051133e+001	-2.54179984e+003	
2.55993588e+001	-2.57014793e+003	
2.58936043e+001	-2.57437780e+003	
2.61878498e+001	-2.57124761e+003	
2.64820953e+001	-2.60664529e+003	
2.67763408e+001	-2.71392079e+003	
2.70705864e+001	-2.77839848e+003	
2.73648319e+001	-2.71742343e+003	
2.76590774e+001	-2.65471868e+003	
2.79533229e+001	-2.78500409e+003	
2.82475684e+001	-2.93854404e+003	
2.85418139e+001	-2.91737873e+003	
2.88360594e+001	-2.89358265e+003	
2.91303049e+001	-3.01719604e+003	
2.94245504e+001	-3.12130884e+003	
2.97187959e+001	-3.15324334e+003	
3.00130414e+001	-3.18568559e+003	
3.03072869e+001	-3.24972127e+003	
3.06015324e+001	-3.31575447e+003	
3.08957779e+001	-3.40159547e+003	
3.11900234e+001	-3.50792415e+003	
3.14842689e+001	-3.61653357e+003	
3.17785144e+001	-3.72746001e+003	
3.20727599e+001	-3.83673039e+003	
3.23670054e+001	-3.97334050e+003	
3.26612509e+001	-4.11342043e+003	
3.29554964e+001	-4.25701666e+003	
3.32497419e+001	-4.39692164e+003	
3.35439874e+001	-4.58068997e+003	
3.38382329e+001	-4.85369164e+003	
3.41324784e+001	-5.23481642e+003	
3.44267239e+001	-5.63149968e+003	
3.47209695e+001	-6.14694839e+003	
3.50152150e+001	-6.82745975e+003	
3.53094605e+001	-7.88625380e+003	
3.56037060e+001	-8.85013039e+003	
3.58979515e+001	-9.34566256e+003	
3.61921970e+001	-8.84689016e+003	
3.64864425e+001	-4.65562322e+003	
3.67806880e+001	-1.05642639e+003	
3.70749335e+001	-2.20341492e+002	
3.73691790e+001	-5.12447830e+001	
3.76634245e+001	-1.02619923e+001	
3.79576700e+001	-3.99785957e+000	
3.82519155e+001	8.85749819e-001	
3.85461610e+001	2.95508849e-001	
3.88404065e+001	-6.62781381e-001	
3.91346520e+001	-1.61183255e+000	
3.94288975e+001	1.55272092e+000	
3.97231430e+001	5.10801557e-001	
4.00173885e+001	-4.46384153e-001	
4.03116340e+001	-1.35537516e+000	
4.06058795e+001	1.41054380e+000	
4.09001250e+001	4.91710589e-001	
4.11943705e+001	-5.62651467e-001	
4.14886160e+001	-1.75049668e+000	
4.17828615e+001	6.70505534e-001	
4.20771070e+001	-7.05569198e-002	
4.23713526e+001	-4.19771844e-001	
4.26655981e+001	-1.39240659e+000	
4.29598436e+001	1.52815645e+000	
4.32540891e+001	5.76672802e-001	
4.35483346e+001	-5.07946911e-001	
4.38425801e+001	-2.01079242e+000	
4.41368256e+001	1.16474414e+000	
4.44310711e+001	-1.01502826e-001	
4.47253166e+001	8.35998414e-001	
4.50195621e+001	6.07434507e+000	
4.53138076e+001	3.88067605e+001	
4.56080531e+001	3.21771600e+002	
4.59022986e+001	1.53625531e+003	
4.61965441e+001	3.71314468e+003	
4.64907896e+001	6.85057540e+003	
4.67850351e+001	8.61581176e+003	
4.70792806e+001	8.11452571e+003	
4.73735261e+001	7.34904001e+003	
4.76677716e+001	6.97556622e+003	
4.79620171e+001	6.73107526e+003	
4.82562626e+001	6.39553637e+003	
4.85505081e+001	5.98362842e+003	
4.88447536e+001	5.52523796e+003	
4.91389991e+001	5.16172564e+003	
4.94332446e+001	4.81365858e+003	
4.97274901e+001	4.48779575e+003	
5.00217356e+001	4.18322758e+003	
5.03159812e+001	3.96524646e+003	
5.06102267e+001	3.84926201e+003	
5.09044722e+001	3.73605620e+003	
5.11987177e+001	3.62557717e+003	
5.14929632e+001	3.53599469e+003	
5.17872087e+001	3.44408454e+003	
5.20814542e+001	3.35475438e+003	
5.23756997e+001	3.27829382e+003	
5.26699452e+001	3.20304895e+003	
5.29641907e+001	3.14126556e+003	
5.32584362e+001	3.06776621e+003	
5.35526817e+001	3.01827778e+003	
5.38469272e+001	2.97292805e+003	
5.41411727e+001	2.89480360e+003	
5.44354182e+001	2.79547692e+003	
5.47296637e+001	2.82555680e+003	
5.50239092e+001	2.87461966e+003	
5.53181547e+001	2.74598627e+003	
5.56124002e+001	2.58621834e+003	
5.59066457e+001	2.62179671e+003	
5.62008912e+001	2.67717427e+003	
5.64951367e+001	2.66787515e+003	
5.67893822e+001	2.60867184e+003	
5.70836277e+001	2.56628642e+003	
5.73778732e+001	2.55042048e+003	
5.76721187e+001	2.53684847e+003	
5.79663643e+001	2.50799697e+003	
5.82606098e+001	2.47934126e+003	
5.85548553e+001	2.45088211e+003	
5.88491008e+001	2.42890107e+003	
5.91433463e+001	2.40981388e+003	
5.94375918e+001	2.39081926e+003	
5.97318373e+001	2.37191745e+003	
6.00260828e+001	2.35310869e+003	
6.03203283e+001	2.34410066e+003	
6.06145738e+001	2.33110155e+003	
6.09088193e+001	2.31816680e+003	
6.12030648e+001	2.30529632e+003	
6.14973103e+001	2.29853440e+003	
6.17915558e+001	2.28883868e+003	
6.20858013e+001	2.27997479e+003	
6.23800468e+001	2.27144052e+003	
6.26742923e+001	2.24659714e+003	
6.29685378e+001	2.20850365e+003	
6.32627833e+001	2.21965850e+003	
6.35570288e+001	2.28496683e+003	
6.38512743e+001	2.27721015e+003	
6.41455198e+001	2.16842161e+003	
6.44397653e+001	2.11513038e+003	
6.47340108e+001	2.28411342e+003	
6.50282563e+001	2.30690932e+003	
6.53225018e+001	2.16863626e+003	
6.56167474e+001	2.13282471e+003	
6.59109929e+001	2.17079157e+003	
6.62052384e+001	2.20189925e+003	
6.64994839e+001	2.18332365e+003	
6.67937294e+001	2.16528206e+003	
6.70879749e+001	2.15283822e+003	
6.73822204e+001	2.14047652e+003	
6.76764659e+001	2.14622104e+003	
6.79707114e+001	2.15156122e+003	
6.82649569e+001	2.15693273e+003	
6.85592024e+001	2.16233565e+003	
6.88534479e+001	2.16824421e+003	
6.91476934e+001	2.17407946e+003	
6.94419389e+001	2.17994613e+003	
6.97361844e+001	2.18584429e+003	
7.00304299e+001	2.18768217e+003	
7.03246754e+001	2.18795582e+003	
7.06189209e+001	2.18379304e+003	
7.09131664e+001	2.17639178e+003	
7.12074119e+001	2.17379483e+003	
7.15016574e+001	2.17789342e+003	
7.17959029e+001	2.19184383e+003	
7.20901484e+001	2.21995934e+003	
7.23843939e+001	2.22583120e+003	
7.26786394e+001	2.18844973e+003	
7.29728849e+001	2.12994719e+003	
7.32671305e+001	2.21416435e+003	
7.35613760e+001	2.38538414e+003	
7.38556215e+001	2.18884486e+003	
7.41498670e+001	2.14779064e+003	
7.44441125e+001	2.23626624e+003	
7.47383580e+001	2.33675720e+003	
7.50326035e+001	2.26985667e+003	
7.53268490e+001	2.18441328e+003	
7.56210945e+001	2.25508355e+003	
7.59153400e+001	2.33088330e+003	
7.62095855e+001	2.33408160e+003	
7.65038310e+001	2.32724272e+003	
7.67980765e+001	2.33403242e+003	
7.70923220e+001	2.34522854e+003	
7.73865675e+001	2.35381190e+003	
7.76808130e+001	2.36696646e+003	
7.79750585e+001	2.38016608e+003	
7.82693040e+001	2.39341067e+003	
7.85635495e+001	2.40579511e+003	
7.88577950e+001	2.42673147e+003	
7.91520405e+001	2.44780281e+003	
7.94462860e+001	2.46900910e+003	
7.97405315e+001	2.48398484e+003	
8.00347770e+001	2.50398088e+003	
8.03290225e+001	2.52784873e+003	
8.06232680e+001	2.56241132e+003	
8.09175136e+001	2.58316091e+003	
8.12117591e+001	2.57789015e+003	
8.15060046e+001	2.58059570e+003	
8.18002501e+001	2.65456370e+003	
8.20944956e+001	2.82113083e+003	
8.23887411e+001	2.74812357e+003	
8.26829866e+001	2.64810752e+003	
8.29772321e+001	2.72781651e+003	
8.32714776e+001	2.93089544e+003	
8.35657231e+001	2.94406891e+003	
8.38599686e+001	2.88152800e+003	
8.41542141e+001	2.95686411e+003	
8.44484596e+001	3.08630929e+003	
8.47427051e+001	3.14619485e+003	
8.50369506e+001	3.19057696e+003	
8.53311961e+001	3.24968719e+003	
8.56254416e+001	3.31893089e+003	
8.59196871e+001	3.39241234e+003	
8.62139326e+001	3.49874878e+003	
8.65081781e+001	3.60793010e+003	
8.68024236e+001	3.72001614e+003	
8.70966691e+001	3.83157312e+003	
8.73909146e+001	3.99460939e+003	
8.76851601e+001	4.16295039e+003	
8.79794056e+001	4.33669461e+003	
8.82736511e+001	4.49911508e+003	
8.85678967e+001	4.73564947e+003	
8.88621422e+001	4.99803074e+003	
8.91563877e+001	5.38060063e+003	
8.94506332e+001	5.74566258e+003	
8.97448787e+001	6.04442567e+003	
9.00391242e+001	6.36135833e+003	
9.03333697e+001	6.89500939e+003	
9.06276152e+001	7.51658615e+003	
9.09218607e+001	8.30958188e+003	
9.12161062e+001	7.94879786e+003	
9.15103517e+001	5.86659207e+003	
9.18045972e+001	2.58938938e+003	
9.20988427e+001	6.03734292e+002	
9.23930882e+001	9.22502476e+001	
9.26873337e+001	2.20846573e+001	
9.29815792e+001	7.92167769e+000	
9.32758247e+001	-7.48669996e-001	
9.35700702e+001	-1.43715493e-001	
9.38643157e+001	1.15827181e-001	
9.41585612e+001	7.87638241e-001	
9.44528067e+001	-2.53430309e+000	
9.47470522e+001	-1.32072552e+000	
9.50412977e+001	-1.69706303e-001	
9.53355432e+001	9.25529289e-001	
9.56297887e+001	-1.72734394e+000	
9.59240342e+001	-8.09138275e-001	
9.62182797e+001	1.03060961e-001	
9.65125253e+001	1.00955405e+000	
9.68067708e+001	-1.70589828e+000	
9.71010163e+001	-8.08128393e-001	
9.73952618e+001	1.13573740e-001	
9.76895073e+001	1.06099662e+000	
9.79837528e+001	2.03606683e+000	
9.82779983e+001	-7.92117134e-001	
9.85722438e+001	3.32091475e-001	
9.88664893e+001	1.53332759e+000	
9.91607348e+001	2.82338177e+000	
9.94549803e+001	-1.29576565e+000	
9.97492258e+001	-1.14387657e+000	
1.00043471e+002	-4.26614672e+000	
1.00337717e+002	-1.85579080e+001	
1.00631962e+002	-9.58595350e+001	
1.00926208e+002	-5.94071019e+002	
1.01220453e+002	-2.75884635e+003	
1.01514699e+002	-6.70239336e+003	
1.01808944e+002	-9.23279423e+003	
1.02103190e+002	-8.93895153e+003	
1.02397435e+002	-7.91065995e+003	
1.02691681e+002	-6.99850572e+003	
1.02985926e+002	-6.40996151e+003	
1.03280172e+002	-6.14538433e+003	
1.03574417e+002	-5.89064507e+003	
1.03868663e+002	-5.64526956e+003	
1.04162908e+002	-5.44376652e+003	
1.04457154e+002	-5.15786774e+003	
1.04751399e+002	-4.88576958e+003	
1.05045645e+002	-4.62700815e+003	
1.05339890e+002	-4.38116941e+003	
1.05634136e+002	-4.22140118e+003	
1.05928381e+002	-4.04756782e+003	
1.06222627e+002	-3.88032161e+003	
1.06516872e+002	-3.71949618e+003	
1.06811118e+002	-3.64558293e+003	
1.07105363e+002	-3.57659251e+003	
1.07399609e+002	-3.48637001e+003	
1.07693854e+002	-3.38666583e+003	
1.07988100e+002	-3.29171537e+003	
1.08282345e+002	-3.17649789e+003	
1.08576591e+002	-3.09168865e+003	
1.08870836e+002	-3.03611047e+003	
1.09165082e+002	-2.97897962e+003	
1.09459327e+002	-2.88465944e+003	
1.09753573e+002	-2.83111507e+003	
1.10047818e+002	-2.87885355e+003	
1.10342064e+002	-2.83202360e+003	
1.10636309e+002	-2.60970235e+003	
1.10930555e+002	-2.61004376e+003	
1.11224800e+002	-2.66854423e+003	
1.11519046e+002	-2.67470566e+003	
1.11813291e+002	-2.63045063e+003	
1.12107537e+002	-2.58672167e+003	
1.12401782e+002	-2.56481781e+003	
1.12696028e+002	-2.54302291e+003	
1.12990273e+002	-2.52136495e+003	
1.13284519e+002	-2.49313743e+003	
1.13578764e+002	-2.46509991e+003	
1.13873010e+002	-2.43725313e+003	
1.14167255e+002	-2.42262379e+003	
1.14461501e+002	-2.40532669e+003	
1.14755746e+002	-2.38810569e+003	
1.15049992e+002	-2.37096097e+003	
1.15344237e+002	-2.35346224e+003	
1.15638483e+002	-2.32842787e+003	
1.15932729e+002	-2.30356120e+003	
1.16226974e+002	-2.27886277e+003	
1.16521220e+002	-2.26984669e+003	
1.16815465e+002	-2.27315262e+003	
1.17109711e+002	-2.27626140e+003	
1.17403956e+002	-2.27897852e+003	
1.17698202e+002	-2.27223769e+003	
1.17992447e+002	-2.22865938e+003	
1.18286693e+002	-2.20777296e+003	
1.18580938e+002	-2.28590695e+003	
1.18875184e+002	-2.33039455e+003	
1.19169429e+002	-2.20586173e+003	
1.19463675e+002	-2.10749506e+003	
1.19757920e+002	-2.19321852e+003	
1.20052166e+002	-2.32036406e+003	
1.20346411e+002	-2.20291958e+003	
1.20640657e+002	-2.11809488e+003	
1.20934902e+002	-2.18377419e+003	
1.21229148e+002	-2.22875026e+003	
1.21523393e+002	-2.20838670e+003	
1.21817639e+002	-2.16783996e+003	
1.22111884e+002	-2.14829059e+003	
1.22406130e+002	-2.13795528e+003	
1.22700375e+002	-2.13804940e+003	
1.22994621e+002	-2.14376389e+003	
1.23288866e+002	-2.14951414e+003	
1.23583112e+002	-2.15530025e+003	
1.23877357e+002	-2.16316418e+003	
1.24171603e+002	-2.17332273e+003	
1.24465848e+002	-2.18352571e+003	
1.24760094e+002	-2.19377317e+003	
1.25054339e+002	-2.19694995e+003	
1.25348585e+002	-2.18372175e+003	
1.25642830e+002	-2.17127380e+003	
1.25937076e+002	-2.16172895e+003	
1.26231321e+002	-2.15432364e+003	
1.26525567e+002	-2.17037162e+003	
1.26819812e+002	-2.18699552e+003	
1.27114058e+002	-2.21588275e+003	
1.27408303e+002	-2.24501899e+003	
1.27702549e+002	-2.20682338e+003	
1.27996794e+002	-2.15210740e+003	
1.28291040e+002	-2.17766889e+003	
1.28585285e+002	-2.30947601e+003	
1.28879531e+002	-2.25545821e+003	
1.29173776e+002	-2.15527032e+003	
1.29468022e+002	-2.20990381e+003	
1.29762267e+002	-2.29764238e+003	
1.30056513e+002	-2.29464373e+003	
1.30350758e+002	-2.27496664e+003	
1.30645004e+002	-2.27892450e+003	
1.30939249e+002	-2.30260319e+003	
1.31233495e+002	-2.31622731e+003	
1.31527740e+002	-2.32543295e+003	
1.31821986e+002	-2.33466294e+003	
1.32116231e+002	-2.34391726e+003	
1.32410477e+002	-2.35199364e+003	
1.32704722e+002	-2.37137737e+003	
1.32998968e+002	-2.39085937e+003	
1.33293213e+002	-2.41043937e+003	
1.33587459e+002	-2.42453920e+003	
1.33881704e+002	-2.44103483e+003	
1.34175950e+002	-2.45760620e+003	
1.34470195e+002	-2.47425324e+003	
1.34764441e+002	-2.49097589e+003	
1.35058686e+002	-2.51089079e+003	
1.35352932e+002	-2.53725235e+003	
1.35647177e+002	-2.56385937e+003	
1.35941423e+002	-2.59071259e+003	
1.36235668e+002	-2.57833442e+003	
1.36529914e+002	-2.56495451e+003	
1.36824159e+002	-2.60039252e+003	
1.37118405e+002	-2.73809095e+003	
1.37412650e+002	-2.78954636e+003	
1.37706896e+002	-2.69462030e+003	
1.38001141e+002	-2.64364894e+003	
1.38295387e+002	-2.82241818e+003	
1.38589632e+002	-2.90040975e+003	
1.38883878e+002	-2.86158606e+003	
1.39178123e+002	-2.87770031e+003	
1.39472369e+002	-2.97436705e+003	
1.39766614e+002	-3.05093148e+003	
1.40060860e+002	-3.11705154e+003	
1.40355105e+002	-3.18051596e+003	
1.40649351e+002	-3.23212038e+003	
1.40943596e+002	-3.27957919e+003	
1.41237842e+002	-3.39394440e+003	
1.41532087e+002	-3.51172524e+003	
1.41826333e+002	-3.63300210e+003	
1.42120578e+002	-3.75785650e+003	
1.42414824e+002	-3.93586206e+003	
1.42709069e+002	-4.14268564e+003	
1.43003315e+002	-4.35892826e+003	
1.43297560e+002	-4.58485240e+003	
1.43591806e+002	-4.81943862e+003	
1.43886051e+002	-5.10342414e+003	
1.44180297e+002	-5.46099084e+003	
1.44474542e+002	-5.86421679e+003	
1.44768788e+002	-6.47394206e+003	
1.45063033e+002	-7.35263559e+003	
1.45357279e+002	-8.03028464e+003	
1.45651524e+002	-8.53795988e+003	
1.45945770e+002	-8.38501551e+003	
1.46240015e+002	-7.37342825e+003	
1.46534261e+002	-5.29712544e+003	
1.46828506e+002	-2.96042288e+003	
1.47122752e+002	-9.26239714e+002	
1.47416997e+002	-2.39440503e+002	
1.47711243e+002	-6.36421448e+001	
1.48005488e+002	-1.29289866e+001	
1.48299734e+002	3.01622593e+000	
1.48593979e+002	1.48804566e+000	
1.48888225e+002	1.90106241e-001	
1.49182470e+002	-1.01908119e+000	
1.49476716e+002	2.62151699e+000	
1.49770961e+002	1.38991166e+000	
1.50065207e+002	2.61984270e-001	
1.50359452e+002	-4.55399209e-001	
1.50653698e+002	-1.11387502e+000	
1.50947943e+002	1.77173418e+000	
1.51242189e+002	6.29043444e-001	
1.51536434e+002	-5.08948704e-001	
1.51830680e+002	-1.64268596e+000	
1.52124925e+002	1.14289293e+000	
1.52419171e+002	-4.69972934e-003	
1.52713416e+002	-1.17939396e+000	
1.53007662e+002	-2.38298184e+000	
1.53301907e+002	8.25514698e-001	
1.53596153e+002	1.23256898e-001	
1.53890398e+002	-3.06703987e-001	
1.54184644e+002	-1.23264798e+000	
1.54478890e+002	1.43479822e+000	
1.54773135e+002	1.60729082e-001	
1.55067381e+002	2.48331672e+000	
1.55361626e+002	1.40154510e+001	
1.55655872e+002	8.67259429e+001	
1.55950117e+002	4.98083219e+002	
1.56244363e+002	2.00923843e+003	
1.56538608e+002	5.45721040e+003	
1.56832854e+002	7.68994553e+003	
1.57127099e+002	8.10306058e+003	
1.57421345e+002	7.84116048e+003	
1.57715590e+002	7.24938055e+003	
1.58009836e+002	6.73067987e+003	
1.58304081e+002	6.37569138e+003	
1.58598327e+002	5.99548318e+003	
1.58892572e+002	5.63738065e+003	
1.59186818e+002	5.29978769e+003	
1.59481063e+002	5.05114380e+003	
1.59775309e+002	4.79455163e+003	
1.60069554e+002	4.54981672e+003	
1.60363800e+002	4.31659203e+003	
1.60658045e+002	4.14340548e+003	
1.60952291e+002	3.97544072e+003	
1.61246536e+002	3.81382568e+003	
1.61540782e+002	3.65839017e+003	
1.61835027e+002	3.54083264e+003	
1.62129273e+002	3.43589265e+003	
1.62423518e+002	3.34222470e+003	
1.62717764e+002	3.27096993e+003	
1.63012009e+002	3.21368819e+003	
1.63306255e+002	3.14278486e+003	
1.63600500e+002	3.07525212e+003	
1.63894746e+002	3.02420868e+003	
1.64188991e+002	2.98252569e+003	
1.64483237e+002	2.87754011e+003	
1.64777482e+002	2.77388493e+003	
1.65071728e+002	2.84394884e+003	
1.65365973e+002	2.87127858e+003	
1.65660219e+002	2.70508270e+003	
1.65954464e+002	2.59446318e+003	
1.66248710e+002	2.65033221e+003	
1.66542955e+002	2.72686429e+003	
1.66837201e+002	2.68601330e+003	
1.67131446e+002	2.60907600e+003	
1.67425692e+002	2.57465241e+003	
1.67719937e+002	2.56479532e+003	
1.68014183e+002	2.54924309e+003	
1.68308428e+002	2.51766894e+003	
1.68602674e+002	2.48633077e+003	
1.68896919e+002	2.45522953e+003	
1.69191165e+002	2.43447216e+003	
1.69485410e+002	2.41636323e+003	
1.69779656e+002	2.39833608e+003	
1.70073901e+002	2.38039092e+003	
1.70368147e+002	2.36528423e+003	
1.70662392e+002	2.34019713e+003	
1.70956638e+002	2.31527637e+003	
1.71250883e+002	2.29052252e+003	
1.71545129e+002	2.27100256e+003	
1.71839374e+002	2.27424863e+003	
1.72133620e+002	2.27750411e+003	
1.72427865e+002	2.28004434e+003	
1.72722111e+002	2.28257008e+003	
1.73016356e+002	2.24266285e+003	
1.73310602e+002	2.19497519e+003	
1.73604847e+002	2.23880172e+003	
1.73899093e+002	2.30474453e+003	
1.74193338e+002	2.24114843e+003	
1.74487584e+002	2.14039467e+003	
1.74781829e+002	2.14010405e+003	
1.75076075e+002	2.33117976e+003	
1.75370320e+002	2.26915213e+003	
1.75664566e+002	2.14873795e+003	
1.75958811e+002	2.15208582e+003	
1.76253057e+002	2.22778173e+003	
1.76547302e+002	2.24337886e+003	
1.76841548e+002	2.20465821e+003	
1.77135793e+002	2.17687276e+003	
1.77430039e+002	2.17178127e+003	
1.77724284e+002	2.16782659e+003	
1.78018530e+002	2.16482816e+003	
1.78312775e+002	2.16186803e+003	
1.78607021e+002	2.15894612e+003	
1.78901266e+002	2.15693865e+003	
1.79195512e+002	2.16435539e+003	
1.79489757e+002	2.17181336e+003	
1.79784003e+002	2.17931268e+003	
1.80078248e+002	2.18685346e+003	
1.80372494e+002	2.18546116e+003	
1.80666739e+002	2.18361110e+003	
1.80960985e+002	2.18455874e+003	
1.81255230e+002	2.18611728e+003	
1.81549476e+002	2.16566156e+003	
1.81843721e+002	2.13909295e+003	
1.82137967e+002	2.16230732e+003	
1.82432212e+002	2.26627504e+003	
1.82726458e+002	2.27630126e+003	
1.83020703e+002	2.13417068e+003	
1.83314949e+002	2.11725189e+003	
1.83609194e+002	2.26020116e+003	
1.83903440e+002	2.36603177e+003	
1.84197685e+002	2.19956564e+003	
1.84491931e+002	2.17635443e+003	
1.84786176e+002	2.26012009e+003	
1.85080422e+002	2.31685195e+003	
1.85374667e+002	2.25575621e+003	
1.85668913e+002	2.22438705e+003	
1.85963158e+002	2.25573038e+003	
1.86257404e+002	2.28269399e+003	
1.86551649e+002	2.29821703e+003	
1.86845895e+002	2.31389069e+003	
1.87140140e+002	2.34113173e+003	
1.87434386e+002	2.36857379e+003	
1.87728631e+002	2.37536882e+003	
1.88022877e+002	2.38483124e+003	
1.88317122e+002	2.39431670e+003	
1.88611368e+002	2.40382519e+003	
1.88905613e+002	2.41119843e+003	
1.89199859e+002	2.42425902e+003	
1.89494104e+002	2.43739125e+003	
1.89788350e+002	2.45059529e+003	
1.90082595e+002	2.45984926e+003	
1.90376841e+002	2.47566868e+003	
1.90671086e+002	2.50410182e+003	
1.90965332e+002	2.54461293e+003	
1.91259577e+002	2.55035346e+003	
1.91553823e+002	2.52503365e+003	
1.91848068e+002	2.50724579e+003	
1.92142314e+002	2.64775740e+003	
1.92436559e+002	2.76965262e+003	
1.92730805e+002	2.70936043e+003	
1.93025051e+002	2.64932885e+003	
1.93319296e+002	2.75766217e+003	
1.93613542e+002	2.91107263e+003	
1.93907787e+002	2.88520438e+003	
1.94202033e+002	2.82926014e+003	
1.94496278e+002	2.91855134e+003	
1.94790524e+002	3.00944570e+003	
1.95084769e+002	3.04786569e+003	
1.95379015e+002	3.09535190e+003	
1.95673260e+002	3.14738652e+003	
1.95967506e+002	3.20084810e+003	
1.96261751e+002	3.27937763e+003	
1.96555997e+002	3.38434224e+003	
1.96850242e+002	3.49173964e+003	
1.97144488e+002	3.60161320e+003	
1.97438733e+002	3.73638090e+003	
1.97732979e+002	3.92039147e+003	
1.98027224e+002	4.11221446e+003	
1.98321470e+002	4.31205853e+003	
1.98615715e+002	4.48148942e+003	
1.98909961e+002	4.66936900e+003	
1.99204206e+002	4.88097302e+003	
1.99498452e+002	5.12802261e+003	
1.99792697e+002	5.35629350e+003	
2.00086943e+002	5.65456806e+003	
2.00381188e+002	5.99767971e+003	
2.00675434e+002	6.52108199e+003	
2.00969679e+002	7.25707644e+003	
2.01263925e+002	8.04741621e+003	
2.01558170e+002	8.47124407e+003	
2.01852416e+002	5.77240656e+003	
2.02146661e+002	1.85839714e+003	
2.02440907e+002	3.84968390e+002	
2.02735152e+002	7.56627907e+001	
2.03029398e+002	1.21662467e+001	
2.03323643e+002	5.72094248e+000	
2.03617889e+002	-1.31218322e+000	
2.03912134e+002	-3.92190417e-001	
2.04206380e+002	2.97274393e-001	
2.04500625e+002	8.79876359e-001	
2.04794871e+002	-2.12973413e+000	
2.05089116e+002	-9.89939843e-001	
2.05383362e+002	8.48299853e-002	
2.05677607e+002	1.10292870e+000	
2.05971853e+002	-1.39922098e+000	
2.06266098e+002	-5.44869594e-001	
2.06560344e+002	3.05006459e-001	
2.06854589e+002	1.15063335e+000	
2.07148835e+002	-1.34743828e+000	
2.07443080e+002	-3.63000847e-001	
2.07737326e+002	6.47993080e-001	
2.08031571e+002	1.68768485e+000	
2.08325817e+002	-9.46055456e-001	
2.08620062e+002	-3.52725473e-001	
2.08914308e+002	3.03009722e-001	
2.09208553e+002	1.36615475e+000	
2.09502799e+002	2.56888685e+000	
2.09797044e+002	-2.47324724e+000	
2.10091290e+002	-3.13881541e+000	
2.10385535e+002	-1.86385082e+001	
2.10679781e+002	-5.07129267e+001	
2.10974026e+002	-2.64241424e+002	
2.11268272e+002	-1.28064699e+003	
2.11562517e+002	-4.14244047e+003	
2.11856763e+002	-7.75816726e+003	
2.12151008e+002	-8.06479608e+003	
2.12445254e+002	-8.30517719e+003	
2.12739499e+002	-8.12876873e+003	
2.13033745e+002	-7.63850323e+003	
2.13327990e+002	-7.13252819e+003	
2.13622236e+002	-6.46862482e+003	
2.13916481e+002	-5.85776497e+003	
2.14210727e+002	-5.29092543e+003	
2.14504972e+002	-4.87392285e+003	
2.14799218e+002	-4.57840494e+003	
2.15093463e+002	-4.30066849e+003	
2.15387709e+002	-4.04002281e+003	
2.15681954e+002	-3.83440237e+003	
2.15976200e+002	-3.71915360e+003	
2.16270445e+002	-3.60682248e+003	
2.16564691e+002	-3.49735045e+003	
2.16858936e+002	-3.39067966e+003	
2.17153182e+002	-3.34008092e+003	
2.17447427e+002	-3.27570791e+003	
2.17741673e+002	-3.21225366e+003	
2.18035918e+002	-3.14953595e+003	
2.18330164e+002	-3.08304751e+003	
2.18624409e+002	-3.00213706e+003	
2.18918655e+002	-2.95338492e+003	
2.19212900e+002	-2.91597561e+003	
2.19507146e+002	-2.86107214e+003	
2.19801391e+002	-2.77130427e+003	
2.20095637e+002	-2.76666277e+003	
2.20389882e+002	-2.81399855e+003	
2.20684128e+002	-2.71623218e+003	
2.20978373e+002	-2.55028507e+003	
2.21272619e+002	-2.58341678e+003	
2.21566864e+002	-2.63180578e+003	
2.21861110e+002	-2.63209778e+003	
2.22155355e+002	-2.59121981e+003	
2.22449601e+002	-2.55633118e+003	
2.22743846e+002	-2.53805517e+003	
2.23038092e+002	-2.52459357e+003	
2.23332337e+002	-2.49932182e+003	
2.23626583e+002	-2.47422063e+003	
2.23920828e+002	-2.44929022e+003	
2.24215074e+002	-2.42973379e+003	
2.24509319e+002	-2.41452665e+003	
2.24803565e+002	-2.39939805e+003	
2.25097810e+002	-2.38434789e+003	
2.25392056e+002	-2.36937608e+003	
2.25686301e+002	-2.35682675e+003	
2.25980547e+002	-2.33956138e+003	
2.26274792e+002	-2.32237463e+003	
2.26569038e+002	-2.30526668e+003	
2.26863283e+002	-2.29238941e+003	
2.27157529e+002	-2.27630796e+003	
2.27451774e+002	-2.26029765e+003	
2.27746020e+002	-2.24435865e+003	
2.28040265e+002	-2.23930004e+003	
2.28334511e+002	-2.23904349e+003	
2.28628756e+002	-2.25166482e+003	
2.28923002e+002	-2.28120137e+003	
2.29217247e+002	-2.27467198e+003	
2.29511493e+002	-2.18640431e+003	
2.29805738e+002	-2.11668248e+003	
2.30099984e+002	-2.23764107e+003	
2.30394229e+002	-2.29248277e+003	
2.30688475e+002	-2.17630374e+003	
2.30982721e+002	-2.12103341e+003	
2.31276966e+002	-2.20701375e+003	
2.31571212e+002	-2.24781119e+003	
2.31865457e+002	-2.21308286e+003	
2.32159703e+002	-2.17870746e+003	
2.32453948e+002	-2.17292525e+003	
2.32748194e+002	-2.16888827e+003	
2.33042439e+002	-2.16959531e+003	
2.33336685e+002	-2.17043210e+003	
2.33630930e+002	-2.16937399e+003	
2.33925176e+002	-2.16779857e+003	
2.34219421e+002	-2.16982338e+003	
2.34513667e+002	-2.17332751e+003	
2.34807912e+002	-2.17685713e+003	
2.35102158e+002	-2.18041232e+003	
2.35396403e+002	-2.18341350e+003	
2.35690649e+002	-2.18678422e+003	
2.35984894e+002	-2.18551462e+003	
2.36279140e+002	-2.17861079e+003	
2.36573385e+002	-2.17471108e+003	
2.36867631e+002	-2.17858871e+003	
2.37161876e+002	-2.19076641e+003	
2.37456122e+002	-2.22365400e+003	
2.37750367e+002	-2.24057078e+003	
2.38044613e+002	-2.20258478e+003	
2.38338858e+002	-2.14454604e+003	
2.38633104e+002	-2.21921462e+003	
2.38927349e+002	-2.33544483e+003	
2.39221595e+002	-2.25382609e+003	
2.39515840e+002	-2.16802951e+003	
2.39810086e+002	-2.24280016e+003	
2.40104331e+002	-2.30993453e+003	
2.40398577e+002	-2.29856954e+003	
2.40692822e+002	-2.27965614e+003	
2.40987068e+002	-2.28441402e+003	
2.41281313e+002	-2.29526867e+003	
2.41575559e+002	-2.31022666e+003	
2.41869804e+002	-2.33178693e+003	
2.42164050e+002	-2.34706128e+003	
2.42458295e+002	-2.35864081e+003	
2.42752541e+002	-2.36246450e+003	
2.43046786e+002	-2.36745097e+003	
2.43341032e+002	-2.37245544e+003	
2.43635277e+002	-2.37747794e+003	
2.43929523e+002	-2.38538245e+003	
2.44223768e+002	-2.41037557e+003	
2.44518014e+002	-2.43992569e+003	
2.44812259e+002	-2.47980484e+003	
2.45106505e+002	-2.50197545e+003	
2.45400750e+002	-2.48650338e+003	
2.45694996e+002	-2.47854321e+003	
2.45989241e+002	-2.52621953e+003	
2.46283487e+002	-2.64890438e+003	
2.46577732e+002	-2.62581431e+003	
2.46871978e+002	-2.53850555e+003	
2.47166223e+002	-2.62423665e+003	
2.47460469e+002	-2.77640395e+003	
2.47754714e+002	-2.76215544e+003	
2.48048960e+002	-2.65045295e+003	
2.48343205e+002	-2.68232700e+003	
2.48637451e+002	-2.88687816e+003	
2.48931696e+002	-2.90808535e+003	
2.49225942e+002	-2.87335088e+003	
2.49520187e+002	-2.92510175e+003	
2.49814433e+002	-3.02514874e+003	
2.50108678e+002	-3.10154598e+003	
2.50402924e+002	-3.18053995e+003	
2.50697169e+002	-3.25929699e+003	
2.50991415e+002	-3.33769457e+003	
2.51285660e+002	-3.41470813e+003	
2.51579906e+002	-3.52676771e+003	
2.51874151e+002	-3.64176164e+003	
2.52168397e+002	-3.75975010e+003	
2.52462642e+002	-3.87536345e+003	
2.52756888e+002	-4.06257491e+003	
2.53051133e+002	-4.25729954e+003	
2.53345379e+002	-4.45971898e+003	
2.53639624e+002	-4.63541028e+003	
2.53933870e+002	-4.76821652e+003	
2.54228115e+002	-4.90413890e+003	
2.54522361e+002	-5.06871904e+003	
2.54816606e+002	-5.23749336e+003	
2.55110852e+002	-5.65433818e+003	
2.55405097e+002	-6.18815438e+003	
2.55699343e+002	-7.14929598e+003	
2.55993588e+002	-8.29549292e+003	
2.56287834e+002	-8.61731034e+003	
2.56582079e+002	-7.63692788e+003	
2.56876325e+002	-4.93527272e+003	
2.57170570e+002	-2.41102900e+003	
2.57464816e+002	-6.89153859e+002	
2.57759061e+002	-1.35263218e+002	
2.58053307e+002	-2.00501320e+001	
2.58347552e+002	-4.29519354e+000	
2.58641798e+002	2.04825767e+000	
2.58936043e+002	3.26453572e-001	
2.59230289e+002	-3.46375195e-002	
2.59524534e+002	-1.20544920e+000	
2.59818780e+002	2.33938458e+000	
2.60113025e+002	1.13274004e+000	
2.60407271e+002	1.09031897e-001	
2.60701516e+002	-5.51145107e-001	
2.60995762e+002	2.60836911e+000	
2.61290007e+002	1.48892270e+000	
2.61584253e+002	3.87148788e-001	
2.61878498e+002	-6.97921434e-001	
2.62172744e+002	-1.76720604e+000	
2.62466989e+002	8.58383035e-001	
2.62761235e+002	-2.25790204e-001	
2.63055480e+002	-1.33025679e+000	
2.63349726e+002	-2.45627263e+000	
2.63643971e+002	6.71629212e-001	
2.63938217e+002	1.44321648e-002	
2.64232462e+002	-1.14716025e+000	
2.64526708e+002	-2.71444563e+000	
2.64820953e+002	9.50930746e-001	
2.65115199e+002	6.26107878e-001	
2.65409444e+002	3.12543682e+000	
2.65703690e+002	1.79749807e+001	
2.65997935e+002	1.22831129e+002	
2.66292181e+002	6.66762196e+002	
2.66586426e+002	2.20407696e+003	
2.66880672e+002	5.73262217e+003	
2.67174917e+002	8.49173846e+003	
2.67469163e+002	8.57523581e+003	
2.67763408e+002	7.85231666e+003	
2.68057654e+002	7.33179699e+003	
2.68351899e+002	7.01973091e+003	
2.68646145e+002	6.53358834e+003	
2.68940390e+002	6.07581295e+003	
2.69234636e+002	5.57809421e+003	
2.69528882e+002	5.12525456e+003	
2.69823127e+002	4.83708717e+003	
2.70117373e+002	4.53833264e+003	
2.70411618e+002	4.25681281e+003	
2.70705864e+002	3.99188723e+003	
2.71000109e+002	3.85819617e+003	
2.71294355e+002	3.73477839e+003	
2.71588600e+002	3.61483153e+003	
2.71882846e+002	3.49827829e+003	
2.72177091e+002	3.42221547e+003	
2.72471337e+002	3.34548825e+003	
2.72765582e+002	3.26548320e+003	
2.73059828e+002	3.18276213e+003	
2.73354073e+002	3.12373961e+003	
2.73648319e+002	3.06486713e+003	
2.73942564e+002	3.01868441e+003	
2.74236810e+002	2.99309507e+003	
2.74531055e+002	2.95380350e+003	
2.74825301e+002	2.84541489e+003	
2.75119546e+002	2.77105636e+003	
2.75413792e+002	2.81735600e+003	
2.75708037e+002	2.83122579e+003	
2.76002283e+002	2.64398132e+003	
2.76296528e+002	2.57703609e+003	
2.76590774e+002	2.66178251e+003	
2.76885019e+002	2.69700813e+003	
2.77179265e+002	2.57277896e+003	
2.77473510e+002	2.52095783e+003	
2.77767756e+002	2.52417920e+003	
2.78062001e+002	2.53397328e+003	
2.78356247e+002	2.51935227e+003	
2.78650492e+002	2.49128269e+003	
2.78944738e+002	2.46344996e+003	
2.79238983e+002	2.43585392e+003	
2.79533229e+002	2.42148268e+003	
2.79827474e+002	2.40660392e+003	
2.80121720e+002	2.39179917e+003	
2.80415965e+002	2.37706835e+003	
2.80710211e+002	2.36165045e+003	
2.81004456e+002	2.33607900e+003	
2.81298702e+002	2.31068057e+003	
2.81592947e+002	2.28545576e+003	
2.81887193e+002	2.27198764e+003	
2.82181438e+002	2.27320044e+003	
2.82475684e+002	2.28098639e+003	
2.82769929e+002	2.31174703e+003	
2.83064175e+002	2.33076212e+003	
2.83358420e+002	2.25387718e+003	
2.83652666e+002	2.16008059e+003	
2.83946911e+002	2.23363798e+003	
2.84241157e+002	2.35165186e+003	
2.84535402e+002	2.24466207e+003	
2.84829648e+002	2.13516045e+003	
2.85123893e+002	2.22360152e+003	
2.85418139e+002	2.31372411e+003	
2.85712384e+002	2.22304744e+003	
2.86006630e+002	2.12457696e+003	
2.86300875e+002	2.16652645e+003	
2.86595121e+002	2.23596761e+003	
2.86889366e+002	2.20189894e+003	
2.87183612e+002	2.14743064e+003	
2.87477857e+002	2.14442013e+003	
2.87772103e+002	2.16522977e+003	
2.88066348e+002	2.17478329e+003	
2.88360594e+002	2.17082766e+003	
2.88654839e+002	2.16789790e+003	
2.88949085e+002	2.16646065e+003	
2.89243330e+002	2.16629205e+003	
2.89537576e+002	2.16815979e+003	
2.89831821e+002	2.17000451e+003	
2.90126067e+002	2.17171906e+003	
2.90420312e+002	2.16896413e+003	
2.90714558e+002	2.14456541e+003	
2.91008803e+002	2.12514774e+003	
2.91303049e+002	2.16416776e+003	
2.91597294e+002	2.21554711e+003	
2.91891540e+002	2.16983822e+003	
2.92185785e+002	2.12506530e+003	
2.92480031e+002	2.16685990e+003	
2.92774276e+002	2.27454017e+003	
2.93068522e+002	2.21746014e+003	
2.93362767e+002	2.11050728e+003	
2.93657013e+002	2.13488833e+003	
2.93951258e+002	2.27885863e+003	
2.94245504e+002	2.26029153e+003	
2.94539749e+002	2.16349996e+003	
2.94833995e+002	2.20689473e+003	
2.95128240e+002	2.25888648e+003	
2.95422486e+002	2.28176685e+003	
2.95716731e+002	2.27917179e+003	
2.96010977e+002	2.28025583e+003	
2.96305222e+002	2.28640797e+003	
2.96599468e+002	2.29161959e+003	
2.96893713e+002	2.30462755e+003	
2.97187959e+002	2.31768143e+003	
2.97482204e+002	2.33078114e+003	
2.97776450e+002	2.34026388e+003	
2.98070695e+002	2.35564558e+003	
2.98364941e+002	2.37110294e+003	
2.98659186e+002	2.38663597e+003	
2.98953432e+002	2.39743274e+003	
2.99247677e+002	2.40923609e+003	
2.99541923e+002	2.42109274e+003	
2.99836168e+002	2.43300278e+003	
3.00130414e+002	2.44496629e+003	
3.00424659e+002	2.46574126e+003	
3.00718905e+002	2.49474891e+003	
3.01013150e+002	2.52614051e+003	
3.01307396e+002	2.55844519e+003	
3.01601641e+002	2.55116305e+003	
3.01895887e+002	2.53506627e+003	
3.02190132e+002	2.54739473e+003	
3.02484378e+002	2.69930898e+003	
3.02778623e+002	2.76655846e+003	
3.03072869e+002	2.64410547e+003	
3.03367114e+002	2.62020356e+003	
3.03661360e+002	2.80144204e+003	
3.03955605e+002	2.95244276e+003	
3.04249851e+002	2.87977581e+003	
3.04544096e+002	2.90192345e+003	
3.04838342e+002	3.01105235e+003	
3.05132587e+002	3.11477487e+003	
3.05426833e+002	3.17609049e+003	
3.05721078e+002	3.24134894e+003	
3.06015324e+002	3.32268677e+003	
3.06309569e+002	3.39269288e+003	
3.06603815e+002	3.54311249e+003	
3.06898060e+002	3.69924838e+003	
3.07192306e+002	3.86127048e+003	
3.07486551e+002	4.02934780e+003	
3.07780797e+002	4.22160621e+003	
3.08075043e+002	4.45317367e+003	
3.08369288e+002	4.69602191e+003	
3.08663534e+002	4.95048582e+003	
3.08957779e+002	5.06866616e+003	
3.09252025e+002	5.17411325e+003	
3.09546270e+002	5.32068268e+003	
3.09840516e+002	5.49521335e+003	
3.10134761e+002	5.78654095e+003	
3.10429007e+002	6.28808763e+003	
3.10723252e+002	7.01613098e+003	
3.11017498e+002	8.14825520e+003	
3.11311743e+002	9.63996993e+003	
3.11605989e+002	1.04348335e+004	
3.11900234e+002	7.34145262e+003	
3.12194480e+002	3.50964433e+003	
3.12488725e+002	1.09445176e+003	
3.12782971e+002	2.84633980e+002	
3.13077216e+002	5.68998464e+001	
3.13371462e+002	9.68944661e+000	
3.13665707e+002	-1.85372315e+000	
3.13959953e+002	-8.97441524e-001	
3.14254198e+002	-1.79231090e-001	
3.14548444e+002	4.36133204e-001	
3.14842689e+002	1.01194454e+000	
3.15136935e+002	-1.81526528e+000	
3.15431180e+002	-6.98733610e-001	
3.15725426e+002	3.89372102e-001	
3.16019671e+002	1.45099332e+000	
3.16313917e+002	-1.25392389e+000	
3.16608162e+002	-3.39517015e-001	
3.16902408e+002	5.76415716e-001	
3.17196653e+002	1.49409553e+000	
3.17490899e+002	-1.18388145e+000	
3.17785144e+002	-1.15768659e-001	
3.18079390e+002	9.69776961e-001	
3.18373635e+002	2.07378811e+000	
3.18667881e+002	-8.40761641e-001	
3.18962126e+002	-1.98320762e-001	
3.19256372e+002	6.37358090e-001	
3.19550617e+002	1.87368238e+000	
3.19844863e+002	-2.38699333e+000	
3.20139108e+002	-2.84560877e+000	
3.20433354e+002	-5.46081206e+000	
3.20727599e+002	-2.92627728e+001	
3.21021845e+002	-1.10692065e+002	
3.21316090e+002	-4.58254663e+002	
3.21610336e+002	-1.85933495e+003	
3.21904581e+002	-4.68993044e+003	
3.22198827e+002	-7.82048500e+003	
3.22493072e+002	-8.37809878e+003	
3.22787318e+002	-8.19624938e+003	
3.23081563e+002	-7.18083507e+003	
3.23375809e+002	-6.41712310e+003	
3.23670054e+002	-5.92666066e+003	
3.23964300e+002	-5.46582438e+003	
3.24258545e+002	-5.15296729e+003	
3.24552791e+002	-4.91649538e+003	
3.24847036e+002	-4.71033006e+003	
3.25141282e+002	-4.47538396e+003	
3.25435527e+002	-4.25085257e+003	
3.25729773e+002	-4.03644254e+003	
3.26024018e+002	-3.88842583e+003	
3.26318264e+002	-3.77690381e+003	
3.26612509e+002	-3.66807715e+003	
3.26906755e+002	-3.56189433e+003	
3.27201000e+002	-3.47966987e+003	
3.27495246e+002	-3.40013468e+003	
3.27789491e+002	-3.32048919e+003	
3.28083737e+002	-3.23333242e+003	
3.28377982e+002	-3.16236532e+003	
3.28672228e+002	-3.10288127e+003	
3.28966473e+002	-3.04416866e+003	
3.29260719e+002	-3.00828988e+003	
3.29554964e+002	-2.97307048e+003	
3.29849210e+002	-2.88064447e+003	
3.30143455e+002	-2.78566583e+003	
3.30437701e+002	-2.82560779e+003	
3.30731946e+002	-2.87242912e+003	
3.31026192e+002	-2.73311614e+003	
3.31320437e+002	-2.59690247e+003	
3.31614683e+002	-2.65609167e+003	
3.31908928e+002	-2.71728742e+003	
3.32203174e+002	-2.66409778e+003	
3.32497419e+002	-2.57685541e+003	
3.32791665e+002	-2.55917035e+003	
3.33085910e+002	-2.57401208e+003	
3.33380156e+002	-2.57610926e+003	
3.33674401e+002	-2.54544301e+003	
3.33968647e+002	-2.51502264e+003	
3.34262892e+002	-2.48484851e+003	
3.34557138e+002	-2.46445820e+003	
3.34851383e+002	-2.44982495e+003	
3.35145629e+002	-2.43527607e+003	
3.35439874e+002	-2.42081136e+003	
3.35734120e+002	-2.41045326e+003	
3.36028365e+002	-2.38656124e+003	
3.36322611e+002	-2.36282722e+003	
3.36616856e+002	-2.33925148e+003	
3.36911102e+002	-2.31583428e+003	
3.37205347e+002	-2.31093201e+003	
3.37499593e+002	-2.30298000e+003	
3.37793838e+002	-2.30295664e+003	
3.38088084e+002	-2.30436012e+003	
3.38382329e+002	-2.27803055e+003	
3.38676575e+002	-2.23929359e+003	
3.38970820e+002	-2.24608292e+003	
3.39265066e+002	-2.29857902e+003	
3.39559311e+002	-2.27311840e+003	
3.39853557e+002	-2.15164920e+003	
3.40147802e+002	-2.14272338e+003	
3.40442048e+002	-2.27929518e+003	
3.40736293e+002	-2.27081697e+003	
3.41030539e+002	-2.17475185e+003	
3.41324784e+002	-2.15567731e+003	
3.41619030e+002	-2.18186734e+003	
3.41913275e+002	-2.19684725e+003	
3.42207521e+002	-2.17731536e+003	
3.42501766e+002	-2.16038643e+003	
3.42796012e+002	-2.15385790e+003	
3.43090257e+002	-2.14928071e+003	
3.43384503e+002	-2.15357363e+003	
3.43678748e+002	-2.15789291e+003	
3.43972994e+002	-2.16223860e+003	
3.44267239e+002	-2.16661077e+003	
3.44561485e+002	-2.17223138e+003	
3.44855730e+002	-2.17774068e+003	
3.45149976e+002	-2.18327621e+003	
3.45444221e+002	-2.18883806e+003	
3.45738467e+002	-2.18825381e+003	
3.46032712e+002	-2.18642073e+003	
3.46326958e+002	-2.18534284e+003	
3.46621204e+002	-2.18459426e+003	
3.46915449e+002	-2.18573099e+003	
3.47209695e+002	-2.18948244e+003	
3.47503940e+002	-2.20992063e+003	
3.47798186e+002	-2.24498318e+003	
3.48092431e+002	-2.24887461e+003	
3.48386677e+002	-2.16963909e+003	
3.48680922e+002	-2.12613159e+003	
3.48975168e+002	-2.23604923e+003	
3.49269413e+002	-2.30749957e+003	
3.49563659e+002	-2.18445136e+003	
3.49857904e+002	-2.15536857e+003	
3.50152150e+002	-2.23997479e+003	
3.50446395e+002	-2.30838444e+003	
3.50740641e+002	-2.26563969e+003	
3.51034886e+002	-2.23843295e+003	
3.51329132e+002	-2.27754935e+003	
3.51623377e+002	-2.31710338e+003	
3.51917623e+002	-2.32185130e+003	
3.52211868e+002	-2.32871091e+003	
3.52506114e+002	-2.33558325e+003	
3.52800359e+002	-2.34246832e+003	
3.53094605e+002	-2.34681744e+003	
3.53388850e+002	-2.35559773e+003	
3.53683096e+002	-2.36441220e+003	
3.53977341e+002	-2.37326089e+003	
3.54271587e+002	-2.38684498e+003	
3.54565832e+002	-2.41064913e+003	
3.54860078e+002	-2.44522662e+003	
3.55154323e+002	-2.48873003e+003	
3.55448569e+002	-2.49867569e+003	
3.55742814e+002	-2.48279829e+003	
3.56037060e+002	-2.48573344e+003	
3.56331305e+002	-2.55401789e+003	
3.56625551e+002	-2.63783107e+003	
3.56919796e+002	-2.60544046e+003	
3.57214042e+002	-2.56099181e+003	
3.57508287e+002	-2.65590827e+003	
3.57802533e+002	-2.78164709e+003	
3.58096778e+002	-2.73965668e+003	
3.58391024e+002	-2.63893708e+003	
3.58685269e+002	-2.74504900e+003	
3.58979515e+002	-2.95192554e+003	
3.59273760e+002	-2.90893716e+003	
3.59568006e+002	-2.87108845e+003	
3.59862251e+002	-2.95305187e+003	
3.60156497e+002	-3.05028465e+003	
3.60450742e+002	-3.11853848e+003	
3.60744988e+002	-3.19575883e+003	
3.61039233e+002	-3.27255725e+003	
3.61333479e+002	-3.35048972e+003	
3.61627724e+002	-3.43490021e+003	
3.61921970e+002	-3.54746154e+003	
3.62216215e+002	-3.66298465e+003	
3.62510461e+002	-3.78153057e+003	
3.62804706e+002	-3.91343762e+003	
3.63098952e+002	-4.10295921e+003	
3.63393197e+002	-4.30012593e+003	
3.63687443e+002	-4.50512368e+003	
3.63981688e+002	-4.66240364e+003	
3.64275934e+002	-4.79598882e+003	
3.64570179e+002	-4.93883608e+003	
3.64864425e+002	-5.10441807e+003	
3.65158670e+002	-5.28494738e+003	
3.65452916e+002	-5.77698325e+003	
3.65747161e+002	-6.35743526e+003	
3.66041407e+002	-7.43222348e+003	
3.66335652e+002	-8.61771483e+003	
3.66629898e+002	-8.68123411e+003	
3.66924143e+002	-7.37796448e+003	
3.67218389e+002	-4.34120600e+003	
3.67512634e+002	-1.87330091e+003	
3.67806880e+002	-4.65455095e+002	
3.68101125e+002	-8.35811992e+001	
3.68395371e+002	-1.34901791e+001	
3.68689616e+002	-3.75726590e+000	
3.68983862e+002	2.66615726e+000	
3.69278107e+002	9.57964530e-001	
3.69572353e+002	-4.10778902e-001	
3.69866598e+002	-1.56112235e+000	
3.70160844e+002	2.12517938e+000	
3.70455089e+002	8.90356150e-001	
3.70749335e+002	-8.12184018e-002	
3.71043580e+002	-7.83092013e-001	
3.71337826e+002	2.41999605e+000	
3.71632071e+002	1.06179870e+000	
3.71926317e+002	-2.79970572e-001	
3.72220562e+002	-1.60634721e+000	
3.72514808e+002	1.19041961e+000	
3.72809053e+002	5.14413989e-001	
3.73103299e+002	-1.95926527e-001	
3.73397544e+002	-1.21911971e+000	
3.73691790e+002	1.86796332e+000	
3.73986035e+002	8.87285793e-001	
3.74280281e+002	-1.94850426e-001	
3.74574526e+002	-1.79602612e+000	
3.74868772e+002	-3.61569107e+000	
3.75163017e+002	1.30656897e-001	
3.75457263e+002	7.03583715e-001	
3.75751508e+002	5.79305147e+000	
3.76045754e+002	2.83203503e+001	
3.76339999e+002	2.21181425e+002	
3.76634245e+002	1.08479492e+003	
3.76928490e+002	3.50164808e+003	
3.77222736e+002	6.24269513e+003	
3.77516981e+002	7.79009610e+003	
3.77811227e+002	8.02148590e+003	
3.78105472e+002	7.59366279e+003	
3.78399718e+002	6.98865146e+003	
3.78693963e+002	6.58822496e+003	
3.78988209e+002	6.24450601e+003	
3.79282454e+002	5.91805318e+003	
3.79576700e+002	5.60779437e+003	
3.79870945e+002	5.36211129e+003	
3.80165191e+002	5.13500501e+003	
3.80459436e+002	4.91585567e+003	
3.80753682e+002	4.70448269e+003	
3.81047927e+002	4.52839243e+003	
3.81342173e+002	4.32934030e+003	
3.81636418e+002	4.13841266e+003	
3.81930664e+002	3.95539639e+003	
3.82224909e+002	3.78007835e+003	
3.82519155e+002	3.67995851e+003	
3.82813400e+002	3.57165438e+003	
3.83107646e+002	3.46837726e+003	
3.83401891e+002	3.36786508e+003	
3.83696137e+002	3.28618035e+003	
3.83990382e+002	3.19309470e+003	
3.84284628e+002	3.12348388e+003	
3.84578873e+002	3.06811139e+003	
3.84873119e+002	2.98957225e+003	
3.85167365e+002	2.87911417e+003	
3.85461610e+002	2.80108026e+003	
3.85755856e+002	2.87832884e+003	
3.86050101e+002	2.81722765e+003	
3.86344347e+002	2.61361739e+003	
3.86638592e+002	2.61539558e+003	
3.86932838e+002	2.68202870e+003	
3.87227083e+002	2.68621983e+003	
3.87521329e+002	2.63125851e+003	
3.87815574e+002	2.58184591e+003	
3.88109820e+002	2.56561790e+003	
3.88404065e+002	2.55524536e+003	
3.88698311e+002	2.52987446e+003	
3.88992556e+002	2.50468404e+003	
3.89286802e+002	2.47967412e+003	
3.89581047e+002	2.45484473e+003	
3.89875293e+002	2.44219095e+003	
3.90169538e+002	2.42511267e+003	
3.90463784e+002	2.40811203e+003	
3.90758029e+002	2.39118914e+003	
3.91052275e+002	2.37763741e+003	
3.91346520e+002	2.35910504e+003	
3.91640766e+002	2.34066181e+003	
3.91935011e+002	2.32230795e+003	
3.92229257e+002	2.31246898e+003	
3.92523502e+002	2.30269783e+003	
3.92817748e+002	2.29295696e+003	
3.93111993e+002	2.28324638e+003	
3.93406239e+002	2.27704734e+003	
3.93700484e+002	2.26852616e+003	
3.93994730e+002	2.27035409e+003	
3.94288975e+002	2.29532562e+003	
3.94583221e+002	2.29915193e+003	
3.94877466e+002	2.19081347e+003	
3.95171712e+002	2.14396039e+003	
3.95465957e+002	2.25997820e+003	
3.95760203e+002	2.32891426e+003	
3.96054448e+002	2.19924518e+003	
3.96348694e+002	2.11003277e+003	
3.96642939e+002	2.20028351e+003	
3.96937185e+002	2.25302742e+003	
3.97231430e+002	2.22878226e+003	
3.97525676e+002	2.19519892e+003	
3.97819921e+002	2.18903247e+003	
3.98114167e+002	2.18894442e+003	
3.98408412e+002	2.18409845e+003	
3.98702658e+002	2.17670120e+003	
3.98996903e+002	2.16934872e+003	
3.99291149e+002	2.16204089e+003	
3.99585394e+002	2.16370691e+003	
3.99879640e+002	2.17184882e+003	
4.00173885e+002	2.18003284e+003	
4.00468131e+002	2.18825911e+003	
4.00762376e+002	2.19288773e+003	
4.01056622e+002	2.19320766e+003	
4.01350867e+002	2.19123706e+003	
4.01645113e+002	2.18453561e+003	
4.01939358e+002	2.17879915e+003	
4.02233604e+002	2.17977572e+003	
4.02527849e+002	2.18796642e+003	
4.02822095e+002	2.23354155e+003	
4.03116340e+002	2.27066075e+003	
4.03410586e+002	2.22172883e+003	
4.03704831e+002	2.12557318e+003	
4.03999077e+002	2.18241086e+003	
4.04293322e+002	2.32796688e+003	
4.04587568e+002	2.25160085e+003	
4.04881813e+002	2.14704150e+003	
4.05176059e+002	2.17672062e+003	
4.05470304e+002	2.35697018e+003	
4.05764550e+002	2.32107657e+003	
4.06058795e+002	2.26215986e+003	
4.06353041e+002	2.26965185e+003	
4.06647286e+002	2.30800682e+003	
4.06941532e+002	2.32513007e+003	
4.07235777e+002	2.33303025e+003	
4.07530023e+002	2.34094755e+003	
4.07824268e+002	2.34888198e+003	
4.08118514e+002	2.35673157e+003	
4.08412759e+002	2.37438357e+003	
4.08707005e+002	2.39212088e+003	
4.09001250e+002	2.40994337e+003	
4.09295496e+002	2.42148896e+003	
4.09589741e+002	2.43424698e+003	
4.09883987e+002	2.44706636e+003	
4.10178232e+002	2.45994720e+003	
4.10472478e+002	2.46785717e+003	
4.10766723e+002	2.48792167e+003	
4.11060969e+002	2.50901535e+003	
4.11355214e+002	2.58676984e+003	
4.11649460e+002	2.66598315e+003	
4.11943705e+002	2.63898664e+003	
4.12237951e+002	2.54199889e+003	
4.12532196e+002	2.56717782e+003	
4.12826442e+002	2.80495027e+003	
4.13120687e+002	2.78940432e+003	
4.13414933e+002	2.67466259e+003	
4.13709178e+002	2.73715888e+003	
4.14003424e+002	2.91378160e+003	
4.14297669e+002	2.97215607e+003	
4.14591915e+002	2.95218735e+003	
4.14886160e+002	2.98887415e+003	
4.15180406e+002	3.08220608e+003	
4.15474651e+002	3.16131604e+003	
4.15768897e+002	3.25022344e+003	
4.16063142e+002	3.34136373e+003	
4.16357388e+002	3.43478117e+003	
4.16651633e+002	3.51370472e+003	
4.16945879e+002	3.60977888e+003	
4.17240124e+002	3.70781370e+003	
4.17534370e+002	3.80783997e+003	
4.17828615e+002	3.88959945e+003	
4.18122861e+002	3.99552309e+003	
4.18417106e+002	4.10320855e+003	
4.18711352e+002	4.21266627e+003	
4.19005597e+002	4.32390668e+003	
4.19299843e+002	4.43477290e+003	
4.19594088e+002	4.57547625e+003	
4.19888334e+002	4.87246270e+003	
4.20182579e+002	5.21556177e+003	
4.20476825e+002	5.60706608e+003	
4.20771070e+002	6.09685728e+003	
4.21065316e+002	6.84058844e+003	
4.21359561e+002	7.82632105e+003	
4.21653807e+002	8.66745177e+003	
4.21948052e+002	8.55696188e+003	
4.22242298e+002	7.04316523e+003	
4.22536543e+002	2.97239302e+003	
4.22830789e+002	7.80704233e+002	
4.23125034e+002	1.66583680e+002	
4.23419280e+002	3.49404039e+001	
4.23713526e+002	8.29217433e+000	
4.24007771e+002	-1.91214836e+000	
4.24302017e+002	-8.43340374e-001	
4.24596262e+002	-3.06375309e-002	
4.24890508e+002	6.53150500e-001	
4.25184753e+002	-2.96506045e+000	
4.25478999e+002	-1.68476892e+000	
4.25773244e+002	-4.68691973e-001	
4.26067490e+002	6.89736006e-001	
4.26361735e+002	1.79632636e+000	
4.26655981e+002	-9.24351327e-001	
4.26950226e+002	1.74762175e-001	
4.27244472e+002	1.26166744e+000	
4.27538717e+002	2.33702428e+000	
4.27832963e+002	-6.72711208e-001	
4.28127208e+002	-3.88663162e-002	
4.28421454e+002	8.23725560e-001	
4.28715699e+002	1.78342754e+000	
4.29009945e+002	-1.12345457e+000	
4.29304190e+002	-1.57273865e-001	
4.29598436e+002	1.03301653e+000	
4.29892681e+002	2.49428459e+000	
4.30186927e+002	-8.76453400e-001	
4.30481172e+002	-2.70581189e-001	
4.30775418e+002	-1.76367291e+000	
4.31069663e+002	-1.09801491e+001	
4.31363909e+002	-7.80450746e+001	
4.31658154e+002	-6.06691225e+002	
4.31952400e+002	-2.60968310e+003	
4.32246645e+002	-5.89251543e+003	
4.32540891e+002	-7.88276054e+003	
4.32835136e+002	-8.68300872e+003	
4.33129382e+002	-8.26571597e+003	
4.33423627e+002	-7.51319753e+003	
4.33717873e+002	-6.88656750e+003	
4.34012118e+002	-6.35121975e+003	
4.34306364e+002	-5.81099015e+003	
4.34600609e+002	-5.38952425e+003	
4.34894855e+002	-5.00614587e+003	
4.35189100e+002	-4.74270054e+003	
4.35483346e+002	-4.47603372e+003	
4.35777591e+002	-4.22414607e+003	
4.36071837e+002	-3.98650830e+003	
4.36366082e+002	-3.83131301e+003	
4.36660328e+002	-3.68753287e+003	
4.36954573e+002	-3.54899714e+003	
4.37248819e+002	-3.41555636e+003	
4.37543064e+002	-3.33385527e+003	
4.37837310e+002	-3.27277901e+003	
4.38131555e+002	-3.21518581e+003	
4.38425801e+002	-3.16199868e+003	
4.38720046e+002	-3.12256439e+003	
4.39014292e+002	-3.07296482e+003	
4.39308537e+002	-3.02637656e+003	
4.39602783e+002	-2.98800338e+003	
4.39897028e+002	-2.94969011e+003	
4.40191274e+002	-2.84752826e+003	
4.40485519e+002	-2.76429885e+003	
4.40779765e+002	-2.80345143e+003	
4.41074010e+002	-2.85464078e+003	
