1.000000000000000000e+01 1.097191585479551090e+00
1.721999999999999886e+01 -6.569677328035581354e+00
2.444000000000000128e+01 -3.126006799274696846e+01
3.167000000000000171e+01 -5.678061035288161662e+01
3.889000000000000057e+01 -8.303612263791437442e+01
4.610999999999999943e+01 -1.064905758020933035e+02
5.332999999999999829e+01 -1.075107168586728932e+02
6.056000000000000227e+01 -9.847492341359780710e+01
6.778000000000000114e+01 -7.839464428277220520e+01
7.500000000000000000e+01 -5.308564290676549291e+01
