5.700000000000000000e+01 -1.054313404684097009e+02
6.200000000000000000e+01 -7.698727662782890491e+01
6.700000000000000000e+01 -3.900799610165456244e+01
7.200000000000000000e+01 -2.709018703254900018e+01
7.700000000000000000e+01 -7.843671202637440842e+01
8.200000000000000000e+01 -1.126881369023625012e+02
8.700000000000000000e+01 -1.051575388569380038e+02
9.200000000000000000e+01 -7.669090821021183046e+01
9.700000000000000000e+01 -3.892812759455564020e+01
1.020000000000000000e+02 -2.708356270976607050e+01
1.070000000000000000e+02 -7.860568030334347611e+01
1.120000000000000000e+02 -1.127544479286365942e+02
1.170000000000000000e+02 -1.051192450276189021e+02
1.220000000000000000e+02 -7.670907682017740115e+01
1.270000000000000000e+02 -3.898413697705773018e+01
1.320000000000000000e+02 -2.724746821987310952e+01
1.370000000000000000e+02 -7.884349828710328723e+01
1.420000000000000000e+02 -1.130786568905255933e+02
1.470000000000000000e+02 -1.054429208683473007e+02
1.520000000000000000e+02 -7.698733183892241527e+01
1.570000000000000000e+02 -3.899984292042788070e+01
1.620000000000000000e+02 -2.708825054959712020e+01
1.670000000000000000e+02 -7.846000897676445618e+01
1.720000000000000000e+02 -1.126986980566834973e+02
1.770000000000000000e+02 -1.051430386227183931e+02
1.820000000000000000e+02 -7.668497389120119578e+01
1.870000000000000000e+02 -3.891547141664400300e+01
1.920000000000000000e+02 -2.707623938936028907e+01
1.970000000000000000e+02 -7.860027173446265181e+01
2.020000000000000000e+02 -1.127423233468584982e+02
2.070000000000000000e+02 -1.050810281470373013e+02
2.120000000000000000e+02 -7.668753990833019429e+01
2.170000000000000000e+02 -3.896464675653172804e+01
2.220000000000000000e+02 -2.723554552658976036e+01
2.270000000000000000e+02 -7.883676495183027555e+01
2.320000000000000000e+02 -1.130756866223505028e+02
