5.700000000000000000e+01 -3.385279054601063820e+01
6.200000000000000000e+01 -5.333761303011223731e+01
6.700000000000000000e+01 -6.583693075350258539e+01
7.200000000000000000e+01 -4.840909861961719685e+01
7.700000000000000000e+01 -3.360734740654571340e+01
8.200000000000000000e+01 -3.103850128054720869e+01
8.700000000000000000e+01 -3.353464165943655217e+01
9.200000000000000000e+01 -5.340917574558454817e+01
9.700000000000000000e+01 -6.594754831536538120e+01
1.020000000000000000e+02 -4.845842958775777731e+01
1.070000000000000000e+02 -3.362845997613499094e+01
1.120000000000000000e+02 -3.126644039664374830e+01
1.170000000000000000e+02 -3.381471415069859177e+01
1.220000000000000000e+02 -5.344485336990298663e+01
1.270000000000000000e+02 -6.593207715193949525e+01
1.320000000000000000e+02 -4.862601814559050695e+01
1.370000000000000000e+02 -3.383497382123744757e+01
1.420000000000000000e+02 -3.142498925044695923e+01
1.470000000000000000e+02 -3.385515981820461207e+01
1.520000000000000000e+02 -5.334261792535664881e+01
1.570000000000000000e+02 -6.583208381701743406e+01
1.620000000000000000e+02 -4.838372684397116785e+01
1.670000000000000000e+02 -3.365114462478882018e+01
1.720000000000000000e+02 -3.108706439906168129e+01
1.770000000000000000e+02 -3.355562991165829345e+01
1.820000000000000000e+02 -5.340840644174625140e+01
1.870000000000000000e+02 -6.594754166495617653e+01
1.920000000000000000e+02 -4.845394115811601665e+01
1.970000000000000000e+02 -3.361594213071421677e+01
2.020000000000000000e+02 -3.126807626568400167e+01
2.070000000000000000e+02 -3.382494873641662281e+01
2.120000000000000000e+02 -5.344966434797097321e+01
2.170000000000000000e+02 -6.591970210705801492e+01
2.220000000000000000e+02 -4.861952332983535285e+01
2.270000000000000000e+02 -3.383346731278840736e+01
2.320000000000000000e+02 -3.144563815657468098e+01
