5.700000000000000000e+01 -6.075812841142916199e+01
6.200000000000000000e+01 -5.511222963306150291e+01
6.700000000000000000e+01 -5.514943828530491743e+01
7.200000000000000000e+01 -6.205424324178189011e+01
7.700000000000000000e+01 -5.981749005085043080e+01
8.200000000000000000e+01 -5.795202689505543958e+01
8.700000000000000000e+01 -6.073117213555728711e+01
9.200000000000000000e+01 -5.516882812748352194e+01
9.700000000000000000e+01 -5.548967437892186894e+01
1.020000000000000000e+02 -6.215661352990503019e+01
1.070000000000000000e+02 -6.007932526696706077e+01
1.120000000000000000e+02 -5.827202649739667351e+01
1.170000000000000000e+02 -6.120221118014733719e+01
1.220000000000000000e+02 -5.524714444795843349e+01
1.270000000000000000e+02 -5.516458873506744709e+01
1.320000000000000000e+02 -6.200122323631291721e+01
1.370000000000000000e+02 -5.985833605607057706e+01
1.420000000000000000e+02 -5.791221749841122346e+01
1.470000000000000000e+02 -6.074524344150955812e+01
1.520000000000000000e+02 -5.510340723451958667e+01
1.570000000000000000e+02 -5.512070706957337762e+01
1.620000000000000000e+02 -6.203918915032348735e+01
1.670000000000000000e+02 -5.982104296033705992e+01
1.720000000000000000e+02 -5.797503216729720776e+01
1.770000000000000000e+02 -6.073316631364971130e+01
1.820000000000000000e+02 -5.518859811968429341e+01
1.870000000000000000e+02 -5.548143547565304345e+01
1.920000000000000000e+02 -6.215765154446616947e+01
1.970000000000000000e+02 -6.005986372420687758e+01
2.020000000000000000e+02 -5.828007213994541758e+01
2.070000000000000000e+02 -6.117941136350390252e+01
2.120000000000000000e+02 -5.526860850655788227e+01
2.170000000000000000e+02 -5.516039327396187986e+01
2.220000000000000000e+02 -6.200060367922181825e+01
2.270000000000000000e+02 -5.985251019912315229e+01
2.320000000000000000e+02 -5.791808952912015940e+01
