5.700000000000000000e+01 -6.941680709522388781e+01
6.200000000000000000e+01 -6.422869502667579411e+01
6.700000000000000000e+01 -6.191621243755127324e+01
7.200000000000000000e+01 -4.694010259457841983e+01
7.700000000000000000e+01 -3.619038147156827279e+01
8.200000000000000000e+01 -5.011776656876960345e+01
8.700000000000000000e+01 -6.934712204775603084e+01
9.200000000000000000e+01 -6.386117464039563174e+01
9.700000000000000000e+01 -6.170440223573417882e+01
1.020000000000000000e+02 -4.681362231393153195e+01
1.070000000000000000e+02 -3.618314708392235701e+01
1.120000000000000000e+02 -5.038576850270830221e+01
1.170000000000000000e+02 -6.945714519762864825e+01
1.220000000000000000e+02 -6.386126054658546281e+01
1.270000000000000000e+02 -6.198744279464943929e+01
1.320000000000000000e+02 -4.702177397102187228e+01
1.370000000000000000e+02 -3.634228372799812945e+01
1.420000000000000000e+02 -5.040913324077275348e+01
1.470000000000000000e+02 -6.941369522196619357e+01
1.520000000000000000e+02 -6.421427464825431741e+01
1.570000000000000000e+02 -6.190116802380830308e+01
1.620000000000000000e+02 -4.694457240180948787e+01
1.670000000000000000e+02 -3.619991596676685930e+01
1.720000000000000000e+02 -5.012075737556828159e+01
1.770000000000000000e+02 -6.934227736867568126e+01
1.820000000000000000e+02 -6.394154541354028964e+01
1.870000000000000000e+02 -6.176842527023347174e+01
1.920000000000000000e+02 -4.679942214621385688e+01
1.970000000000000000e+02 -3.617027048748735041e+01
2.020000000000000000e+02 -5.039720068280352194e+01
2.070000000000000000e+02 -6.944781584739766345e+01
2.120000000000000000e+02 -6.383669207933372292e+01
2.170000000000000000e+02 -6.197154448990686859e+01
2.220000000000000000e+02 -4.702365542741885207e+01
2.270000000000000000e+02 -3.634903432448410143e+01
2.320000000000000000e+02 -5.041048653601269081e+01
