5.700000000000000000e+01 -3.842659683128203163e+00
6.200000000000000000e+01 -1.995564515941628869e+01
6.700000000000000000e+01 -3.088000416382523028e+01
7.200000000000000000e+01 -2.936504737981982061e+01
7.700000000000000000e+01 -1.733861887747710995e+01
8.200000000000000000e+01 -5.962600352022363381e+00
8.700000000000000000e+01 -3.703120148798762834e+00
9.200000000000000000e+01 -1.996212770195674935e+01
9.700000000000000000e+01 -3.078389949626653888e+01
1.020000000000000000e+02 -2.931135106411421987e+01
1.070000000000000000e+02 -1.731628644723006971e+01
1.120000000000000000e+02 -5.979087169135744340e+00
1.170000000000000000e+02 -3.752894761237548948e+00
1.220000000000000000e+02 -1.984037386899204947e+01
1.270000000000000000e+02 -3.069488781513285858e+01
1.320000000000000000e+02 -2.924406901601476960e+01
1.370000000000000000e+02 -1.726071523327372859e+01
1.420000000000000000e+02 -5.975341742034940395e+00
1.470000000000000000e+02 -3.792998827316679922e+00
1.520000000000000000e+02 -1.991839611282178879e+01
1.570000000000000000e+02 -3.088365015062576902e+01
1.620000000000000000e+02 -2.936313779403846169e+01
1.670000000000000000e+02 -1.732047546323553888e+01
1.720000000000000000e+02 -5.965453808564613603e+00
1.770000000000000000e+02 -3.694876484900773139e+00
1.820000000000000000e+02 -1.993500411322539989e+01
1.870000000000000000e+02 -3.077852507573696172e+01
1.920000000000000000e+02 -2.932079849919067982e+01
1.970000000000000000e+02 -1.731271179445391084e+01
2.020000000000000000e+02 -5.976192658034596761e+00
2.070000000000000000e+02 -3.750453408022471180e+00
2.120000000000000000e+02 -1.977652763479742859e+01
2.170000000000000000e+02 -3.069099264580770026e+01
2.220000000000000000e+02 -2.926290328534006946e+01
2.270000000000000000e+02 -1.726134172196616845e+01
2.320000000000000000e+02 -5.970000080480876825e+00
