5.700000000000000000e+01 -8.353286795102758333e+01
6.200000000000000000e+01 -6.439086330759953114e+01
6.700000000000000000e+01 -5.014125835295185141e+01
7.200000000000000000e+01 -5.887827217292291238e+01
7.700000000000000000e+01 -6.772983215113036692e+01
8.200000000000000000e+01 -7.764720012586690245e+01
8.700000000000000000e+01 -8.334287146933179713e+01
9.200000000000000000e+01 -6.429672737196632681e+01
9.700000000000000000e+01 -5.026037130534074038e+01
1.020000000000000000e+02 -5.884382756511004686e+01
1.070000000000000000e+02 -6.762962787282903321e+01
1.120000000000000000e+02 -7.757524127215573628e+01
1.170000000000000000e+02 -8.345473666214222419e+01
1.220000000000000000e+02 -6.455613466353177898e+01
1.270000000000000000e+02 -5.023006757250757914e+01
1.320000000000000000e+02 -5.889714698485403233e+01
1.370000000000000000e+02 -6.782476568924683136e+01
1.420000000000000000e+02 -7.783935796996470913e+01
1.470000000000000000e+02 -8.351694485914889299e+01
1.520000000000000000e+02 -6.439723606791977772e+01
1.570000000000000000e+02 -5.014363255426466992e+01
1.620000000000000000e+02 -5.887496634126353712e+01
1.670000000000000000e+02 -6.773310633996872809e+01
1.720000000000000000e+02 -7.764835078941494828e+01
1.770000000000000000e+02 -8.333847447449375068e+01
1.820000000000000000e+02 -6.429890739828020685e+01
1.870000000000000000e+02 -5.025661699674145666e+01
1.920000000000000000e+02 -5.883617690033609904e+01
1.970000000000000000e+02 -6.762427257501079225e+01
2.020000000000000000e+02 -7.757021945137806540e+01
2.070000000000000000e+02 -8.344275629907146197e+01
2.120000000000000000e+02 -6.453909651855036600e+01
2.170000000000000000e+02 -5.022934076655344171e+01
2.220000000000000000e+02 -5.889590943451423044e+01
2.270000000000000000e+02 -6.782635544420048745e+01
2.320000000000000000e+02 -7.784154139749755075e+01
