5.700000000000000000e+01 -9.828186369939803058e+01
6.200000000000000000e+01 -7.137686061820392069e+01
6.700000000000000000e+01 -4.361333127830995693e+01
7.200000000000000000e+01 -4.369150916252659300e+01
7.700000000000000000e+01 -7.361548411455942187e+01
8.200000000000000000e+01 -1.016783563782167050e+02
8.700000000000000000e+01 -9.817558806550594852e+01
9.200000000000000000e+01 -7.153765689133417993e+01
9.700000000000000000e+01 -4.368935597026430884e+01
1.020000000000000000e+02 -4.382196497251310774e+01
1.070000000000000000e+02 -7.370693477914576874e+01
1.120000000000000000e+02 -1.018290890729733036e+02
1.170000000000000000e+02 -9.827416352263925603e+01
1.220000000000000000e+02 -7.137984380979487753e+01
1.270000000000000000e+02 -4.358721027679374771e+01
1.320000000000000000e+02 -4.372890438788601841e+01
1.370000000000000000e+02 -7.358670209028213094e+01
1.420000000000000000e+02 -1.017809827896774948e+02
1.470000000000000000e+02 -9.829416506055198965e+01
1.520000000000000000e+02 -7.138656890212266148e+01
1.570000000000000000e+02 -4.361750125555553126e+01
1.620000000000000000e+02 -4.371303634253507653e+01
1.670000000000000000e+02 -7.362223577817920273e+01
1.720000000000000000e+02 -1.016661002653068948e+02
1.770000000000000000e+02 -9.813428181350714397e+01
1.820000000000000000e+02 -7.150268404396091171e+01
1.870000000000000000e+02 -4.366812755816359726e+01
1.920000000000000000e+02 -4.381084486853789173e+01
1.970000000000000000e+02 -7.367282354441080372e+01
2.020000000000000000e+02 -1.018398358857488972e+02
2.070000000000000000e+02 -9.828016646385471233e+01
2.120000000000000000e+02 -7.137438317845497693e+01
2.170000000000000000e+02 -4.357776587230188881e+01
2.220000000000000000e+02 -4.373071017151370654e+01
2.270000000000000000e+02 -7.362273904909369548e+01
2.320000000000000000e+02 -1.017099932795148050e+02
