5.700000000000000000e+01 -1.096152775741641960e+01
6.200000000000000000e+01 -3.680621263293878798e+01
6.700000000000000000e+01 -5.239440238122371341e+01
7.200000000000000000e+01 -4.414838288869364646e+01
7.700000000000000000e+01 -2.976045999908521011e+01
8.200000000000000000e+01 -1.657449271073842922e+01
8.700000000000000000e+01 -1.049557105829416059e+01
9.200000000000000000e+01 -3.655361708543811261e+01
9.700000000000000000e+01 -5.210040039377439314e+01
1.020000000000000000e+02 -4.411850899562489303e+01
1.070000000000000000e+02 -2.989828982182836015e+01
1.120000000000000000e+02 -1.690378156128415910e+01
1.170000000000000000e+02 -1.097332857975099962e+01
1.220000000000000000e+02 -3.699287220956318123e+01
1.270000000000000000e+02 -5.221339495980917178e+01
1.320000000000000000e+02 -4.421904710834517260e+01
1.370000000000000000e+02 -2.995990140321013939e+01
1.420000000000000000e+02 -1.685631382075689899e+01
1.470000000000000000e+02 -1.095538652545667979e+01
1.520000000000000000e+02 -3.678692185513504143e+01
1.570000000000000000e+02 -5.231301284482906055e+01
1.620000000000000000e+02 -4.415081476755744916e+01
1.670000000000000000e+02 -2.980410676558368976e+01
1.720000000000000000e+02 -1.656852751728510853e+01
1.770000000000000000e+02 -1.049687463310135982e+01
1.820000000000000000e+02 -3.653741488095565870e+01
1.870000000000000000e+02 -5.211446746810332087e+01
1.920000000000000000e+02 -4.410433248957207297e+01
1.970000000000000000e+02 -2.989922389163107042e+01
2.020000000000000000e+02 -1.690646208869659972e+01
2.070000000000000000e+02 -1.097875370603425083e+01
2.120000000000000000e+02 -3.699239257502315326e+01
2.170000000000000000e+02 -5.223097235880611322e+01
2.220000000000000000e+02 -4.421649110796001736e+01
2.270000000000000000e+02 -2.995290641847373081e+01
2.320000000000000000e+02 -1.687055223342213850e+01
