5.700000000000000000e+01 -1.017120955562442930e+02
6.200000000000000000e+01 -7.834569953841135259e+01
6.700000000000000000e+01 -4.368267047705199246e+01
7.200000000000000000e+01 -4.168005433287204653e+01
7.700000000000000000e+01 -4.790039381733291890e+01
8.200000000000000000e+01 -7.091205786521778975e+01
8.700000000000000000e+01 -1.015733610756639962e+02
9.200000000000000000e+01 -7.809397701546865278e+01
9.700000000000000000e+01 -4.325854351272526799e+01
1.020000000000000000e+02 -4.159261615582750693e+01
1.070000000000000000e+02 -4.813427966169855665e+01
1.120000000000000000e+02 -7.099408052576465877e+01
1.170000000000000000e+02 -1.016199087533885006e+02
1.220000000000000000e+02 -7.833764917532741379e+01
1.270000000000000000e+02 -4.359028652471884868e+01
1.320000000000000000e+02 -4.182749297845504799e+01
1.370000000000000000e+02 -4.816499293013823291e+01
1.420000000000000000e+02 -7.112561552756777417e+01
1.470000000000000000e+02 -1.017116726380558021e+02
1.520000000000000000e+02 -7.835816872738689653e+01
1.570000000000000000e+02 -4.368307272181598933e+01
1.620000000000000000e+02 -4.166980164611116066e+01
1.670000000000000000e+02 -4.789805650560764150e+01
1.720000000000000000e+02 -7.091346678979294893e+01
1.770000000000000000e+02 -1.016208374093901057e+02
1.820000000000000000e+02 -7.807749480344692472e+01
1.870000000000000000e+02 -4.325495105468372969e+01
1.920000000000000000e+02 -4.158449064132008033e+01
1.970000000000000000e+02 -4.812012899043750025e+01
2.020000000000000000e+02 -7.098999178904455221e+01
2.070000000000000000e+02 -1.016160032125059018e+02
2.120000000000000000e+02 -7.827031917809384254e+01
2.170000000000000000e+02 -4.357603490697960069e+01
2.220000000000000000e+02 -4.179736228544590659e+01
2.270000000000000000e+02 -4.815651508606921283e+01
2.320000000000000000e+02 -7.111244821983004272e+01
