5.700000000000000000e+01 -1.075881240664490974e+02
6.200000000000000000e+01 -8.113861724389300889e+01
6.700000000000000000e+01 -3.510073075361024308e+01
7.200000000000000000e+01 -3.180238183412095054e+01
7.700000000000000000e+01 -6.316411946201530014e+01
8.200000000000000000e+01 -1.046880195912107041e+02
8.700000000000000000e+01 -1.074117354837736968e+02
9.200000000000000000e+01 -8.095038267437789159e+01
9.700000000000000000e+01 -3.515005766867704295e+01
1.020000000000000000e+02 -3.185932228393005161e+01
1.070000000000000000e+02 -6.319795792213857055e+01
1.120000000000000000e+02 -1.048231340871527948e+02
1.170000000000000000e+02 -1.074095523545119022e+02
1.220000000000000000e+02 -8.128493353032293101e+01
1.270000000000000000e+02 -3.518574995823266249e+01
1.320000000000000000e+02 -3.195311100588209996e+01
1.370000000000000000e+02 -6.326381111769291721e+01
1.420000000000000000e+02 -1.049593911518333016e+02
1.470000000000000000e+02 -1.075863843504905049e+02
1.520000000000000000e+02 -8.113840449935410959e+01
1.570000000000000000e+02 -3.509636825402766647e+01
1.620000000000000000e+02 -3.180137776072663058e+01
1.670000000000000000e+02 -6.313347471919639275e+01
1.720000000000000000e+02 -1.046885475002112997e+02
1.770000000000000000e+02 -1.074166348689261952e+02
1.820000000000000000e+02 -8.095756394464078198e+01
1.870000000000000000e+02 -3.514562819674800664e+01
1.920000000000000000e+02 -3.185707673707428000e+01
1.970000000000000000e+02 -6.318830494217633742e+01
2.020000000000000000e+02 -1.047967378862422976e+02
2.070000000000000000e+02 -1.074017520197033946e+02
2.120000000000000000e+02 -8.126947858694646243e+01
2.170000000000000000e+02 -3.516329933853654666e+01
2.220000000000000000e+02 -3.194352003038606824e+01
2.270000000000000000e+02 -6.327919033128760162e+01
2.320000000000000000e+02 -1.049540668552977962e+02
